[DASH_CAM]
POS=0.359261,0.9524,-0.233738
EXP=23
