[DASH_CAM]
POS=-0.345311,1.03428,0.211848
EXP=23
