[HEADER]
VERSION=2
EDIT_MODE=0
INTENSITY=90

[FLAME_0]
POSITION=0.5509677,0.118,-2.137283
DIRECTION=0.002092678,0.1091571,-0.9940224
VSIZE_START=0.15
VSIZE_END=0.05
LSIZE=0.5

[FLAME_1]
POSITION=0.4406954,0.118,-2.18686
DIRECTION=0.002096014,0.09361275,-0.9956065
VSIZE_START=0.15
VSIZE_END=0.05
LSIZE=0.5

