[SETTINGS]
WIDTH=1.07030260562897
LENGTH=2.60664081573486

