[DASH_CAM]
POS=-0.354482,0.929798,0.0494364
EXP=28
