[DASH_CAM]
POS=0.385017,1.04803,-0.47171
EXP=27
