[SETTINGS]
WIDTH=1.05881679058075
LENGTH=2.58957695960999

