[DASH_CAM]
POS=0.357862,1.10053,-0.137749
EXP=26
