[SETTINGS]
WIDTH=1.32000005245209
LENGTH=2.76999998092651

