[DASH_CAM]
POS=0.315918,1.09071,0.0845637
EXP=26
