[SETTINGS]
WIDTH=1.10000002384186
LENGTH=2.42000007629395

