[DASH_CAM]
POS=0.369247,0.867143,-0.0698509
EXP=27

