[DASH_CAM]
POS=-0.358599,0.939014,-0.402498
EXP=26
