[SETTINGS]
WIDTH=1.06529676914215
LENGTH=2.56815004348755

