[DASH_CAM]
POS=0.366528,1.0315,-0.468832
EXP=0
