[HEADER]
EDIT_MODE=0
INTENSITY=10.0
EDIT_BIG=0
EDIT_STATE=0
BURN_FUEL_MULT=1
FLASH_THRESHOLD=1

[FLAME_0]
POSITION=0.5502682,0.1243958,-2.152803
DIRECTION=-0.04150045,-0.7623482,-0.6458352
VSIZE_START=0.15
VSIZE_END=0.12
LSIZE=0.9
SIZE_MULT=1.5
IS_LEFT=1
GROUP=2

[FLAME_1]
POSITION=0.5548801,0.1262368,-2.151102
DIRECTION=-0.0263734,-0.7672563,-0.6407981
VSIZE_START=0.1
VSIZE_END=0.075
LSIZE=0.9
SIZE_MULT=1.5
IS_LEFT=1
GROUP=2

[FLAME_2]
POSITION=0.5502684,0.1243959,-2.153857
DIRECTION=-0.04150045,-0.7623482,-0.6458352
VSIZE_START=0.12
VSIZE_END=0.1
LSIZE=0.9
SIZE_MULT=1.5
IS_LEFT=1
GROUP=2

[FLAME_3]
POSITION=0.5502683,0.1243958,-2.152651
DIRECTION=-0.04150045,-0.7623482,-0.6458352
VSIZE_START=0.1
VSIZE_END=0.075
LSIZE=0.9
SIZE_MULT=1.5
IS_LEFT=1
GROUP=2

