[SETTINGS]
WIDTH=0.889999985694885
LENGTH=2.34999990463257

