[DASH_CAM]
POS=0.339061,0.948974,-0.303309
EXP=33
